0.0673	-0.0264327	-0.0264327	-0.0264327	-0.0264327	
0.0673	0.0164651	-0.00721021	-0.00721021	-0.00721021	
0.11725	-0.0116631	-0.0039907	-0.0039907	-0.0039907	
0.11725	0.00860616	0.00259465	-0.00279057	-0.00279057	
0.167	-0.00692906	-0.00191329	-0.00213436	-0.00213436	
0.167	0.00649409	0.00134683	-0.00171933	-0.00171933	
0.21675	-0.00607454	-0.00123696	-0.00143336	-0.00143336	
0.21675	0.00463752	0.000945636	-0.00122442	-0.00122442	
0.26645	-0.00431279	-0.00109064	-0.00106387	-0.00106387	
0.26645	0.00398391	0.000800744	0.000651235	-0.000937636	
0.31615	-0.00368728	-0.000747434	-0.00046162	-0.000835822	
0.31615	0.00338236	0.000678178	0.000353904	-0.000793503	
0.36585	-0.00310337	-0.000628197	-0.000266341	-0.000720235	
0.36585	0.00281527	0.000761792	0.000240616	-0.000657299	
0.4155	-0.00254797	-0.000511112	-0.000281831	-0.000603219	
0.4155	0.00326267	0.000654391	0.00020061	-0.000586345	
0.4652	-0.00298216	-0.000399344	-0.000182906	-0.00054361	
0.4652	0.00272414	0.000550413	0.00022216	-0.000505767	
0.5149	-0.0024534	-0.000489718	-0.000148336	-0.000471712	
0.5149	0.00220082	0.000444553	0.000190525	-0.000464801	
0.5646	-0.00193799	-0.000577777	-0.000115476	-0.000436433	
0.5646	0.0016892	0.000338294	0.000159993	-0.000410691	
0.61425	-0.00238751	-0.000478321	-0.000138725	-0.000386989	
0.61425	0.00212696	0.000423943	0.000129397	-0.000384727	
0.6639	-0.00188226	-0.000376801	-0.000166793	-0.000364308	
0.6639	0.00257333	0.000515372	9.82638e-05	-0.000345469	
0.7136	-0.00231453	-0.000273951	-0.000137657	-0.00032785	
0.7136	0.00207336	0.000418424	0.000122184	-0.00032799	
0.7633	-0.00181966	-0.000548829	-0.000108182	-0.000312452	
0.7633	0.00157961	0.000316095	9.28825e-05	-0.000297945	
0.81295	-0.00226293	-0.000453087	-0.000133187	-0.000284222	
0.81295	0.00201009	0.000215605	0.000119352	-0.000285683	
0.86265	-0.00177255	-0.000357619	-0.000104126	-0.000273373	
0.86265	0.0015238	0.000487748	9.05435e-05	0.000151018	
0.9123	-0.00128651	-0.000257353	-0.000131009	-0.000116483	
0.9123	0.0019639	0.000393178	0.000114731	8.72819e-05	
0.962	-0.00171541	-0.00034238	-0.000102401	-6.57606e-05	
0.962	0.0014801	0.000296054	8.6128e-05	5.79522e-05	
1.01165	-0.00215399	-0.000431161	-0.000127555	-6.91978e-05	
1.01165	0.00190566	0.000197345	0.000111891	4.77961e-05	
1.06135	-0.00167217	-0.000337289	-9.90871e-05	-4.35761e-05	
1.06135	0.00142712	0.00046612	8.36512e-05	3.91325e-05	
1.111	-0.00119307	-0.00023859	-7.07986e-05	-3.49786e-05	
1.111	0.00186306	0.000372912	0.000108812	4.46842e-05	
1.1607	-0.00161789	-0.000323112	-9.63589e-05	-2.66101e-05	
1.1607	0.00138534	0.000277034	8.06136e-05	3.6868e-05	
1.21035	-0.002053	-0.000410886	-0.000121541	-3.22838e-05	
1.21035	0.00180766	0.000179491	0.000105945	2.90682e-05	
1.26005	-0.00157654	-0.000317946	-9.34223e-05	-3.9769e-05	
1.26005	0.001334	0.000446031	7.80482e-05	3.48515e-05	
1.3097	-0.00110184	-0.000220303	-6.54198e-05	-3.21022e-05	
1.3097	0.00176688	0.000353629	0.000103197	2.71903e-05	
1.3594	-0.00152401	-0.000304477	-9.06428e-05	-2.45502e-05	
1.3594	0.00129312	0.000258547	7.52506e-05	1.96245e-05	
1.40905	-0.00195653	-0.000391544	-0.000115816	-3.08129e-05	
1.40905	0.00171328	0.000161824	0.000100304	2.66916e-05	
1.45875	-0.00148358	-0.000299168	-8.79241e-05	-2.32949e-05	
1.45875	0.00124283	0.00042682	7.26231e-05	3.30116e-05	
1.5084	-0.00101184	-0.000202278	-6.01094e-05	-3.02404e-05	
1.5084	0.00167341	0.000334898	9.77418e-05	2.55336e-05	
1.5581	-0.00143221	-0.000286226	-8.51099e-05	-2.28753e-05	
1.5581	0.0012023	0.000240348	6.99656e-05	1.8107e-05	
1.60775	-0.00186279	-0.000372777	-0.000110257	-2.92602e-05	
1.60775	0.00162103	0.000144218	9.48366e-05	2.49534e-05	
1.65745	-0.00139221	-0.000280733	-8.25139e-05	-2.18599e-05	
1.65745	0.00115276	0.00040815	6.73007e-05	3.1373e-05	
1.7071	-0.000922454	-0.000184375	-5.48251e-05	-1.43561e-05	
1.7071	0.00158163	0.000316522	9.23891e-05	2.42242e-05	
1.7568	-0.0013416	-0.000268164	-7.96802e-05	-3.48488e-05	
1.7568	0.00111227	0.000222339	6.47264e-05	1.67132e-05	
1.80645	-0.00177067	-0.000354322	-0.000104797	-2.77435e-05	
1.80645	0.00153006	0.000126652	8.948e-05	2.34233e-05	
1.85615	-0.00130168	-0.000262465	-7.71543e-05	-2.04099e-05	
1.85615	0.00106327	0.000389829	0.000114633	2.9898e-05	
1.9058	-0.00083331	-0.000166537	-4.89324e-05	-1.29712e-05	
1.9058	0.0014908	0.00029834	8.77188e-05	2.27961e-05	
1.9555	-0.00125177	-0.000250233	-7.36898e-05	-3.33432e-05	
1.9555	0.0010227	0.000204412	6.01317e-05	1.53445e-05	
2.00515	-0.00167959	-0.0003361	-9.87804e-05	-2.62771e-05	
2.00515	0.00143991	0.000287889	8.4805e-05	2.19662e-05	
2.0548	-0.00121176	-0.000242222	-7.12085e-05	-1.89868e-05	
2.0548	0.00186818	0.00037382	0.000109929	2.8472e-05	
2.1045	-0.00162785	-0.000146627	-4.30892e-05	-1.15936e-05	
2.1045	0.00140062	0.000282397	8.30336e-05	2.13966e-05	
2.1542	-0.00116232	-0.000409085	-6.77911e-05	-3.18844e-05	
2.1542	0.000933364	0.000186543	5.55008e-05	1.39874e-05	
2.20385	-0.00158923	-0.000318013	-9.28498e-05	-2.48402e-05	
2.20385	0.00135028	0.000269982	8.01236e-05	3.4252e-05	
2.2535	-0.00112217	-0.000224299	-6.53286e-05	-1.74142e-05	
2.2535	0.00177766	0.000355703	0.000105221	2.72374e-05	
2.3032	-0.00153804	-0.000128998	-8.98831e-05	-1.00559e-05	
2.3032	0.00131078	0.000264274	7.7709e-05	2.01759e-05	
2.3529	-0.00107322	-0.000391109	-0.000115024	-3.029e-05	
2.3529	0.000844195	0.000168691	4.95901e-05	1.27999e-05	
2.40255	-0.00149926	-0.00030002	-8.82301e-05	-2.32567e-05	
2.40255	0.00126095	0.000252141	7.41867e-05	3.30155e-05	
2.4522	-0.00103277	-0.000206416	-6.07415e-05	-1.58607e-05	
2.4522	0.00168759	0.000337678	9.9259e-05	2.60107e-05	
2.5019	-0.00144859	-0.000289682	-8.52729e-05	-8.52927e-06	
2.5019	0.00122121	0.000244097	7.17772e-05	1.89548e-05	
2.55155	-0.00187584	-0.000375336	-0.000110386	-2.87241e-05	
2.55155	0.00163612	0.000148753	4.37336e-05	1.16026e-05	
2.60125	-0.00140958	-0.000284189	-8.35758e-05	-2.16954e-05	
2.60125	0.00117186	0.000410549	6.83105e-05	3.17847e-05	
2.6509	-0.000943496	-0.000188552	-5.61153e-05	-1.43228e-05	
2.6509	0.00159784	0.000319726	9.33585e-05	2.47823e-05	
2.7006	-0.00135938	-0.000271844	-8.06328e-05	-2.07072e-05	
2.7006	0.00113181	0.000226218	6.59028e-05	1.75616e-05	
2.75025	-0.00178599	-0.000357364	-0.00010572	-2.73457e-05	
2.75025	0.00154681	0.000131075	9.0368e-05	1.02307e-05	
2.79995	-0.00132007	-0.000266144	-7.82671e-05	-2.03158e-05	
2.79995	0.00108281	0.000392711	0.0001155	3.03883e-05	
2.8496	-0.000854283	-0.000170705	-5.01987e-05	-1.29639e-05	
2.8496	0.00150828	0.000301812	8.87583e-05	2.33839e-05	
2.8993	-0.00127027	-0.000254028	-7.47168e-05	-3.31138e-05	
2.8993	0.00104252	0.000208361	6.13189e-05	1.60099e-05	
2.94895	-0.00169638	-0.00033943	-9.978e-05	-2.61361e-05	
2.94895	0.00145766	0.000291516	8.57864e-05	8.69621e-06	
2.9986	-0.00123068	-0.000245993	-7.23426e-05	-1.91025e-05	
2.9986	0.00188446	0.000377039	0.000110891	2.88368e-05	
3.0483	-0.00164503	-0.00015074	-4.43287e-05	-1.17679e-05	
3.0483	0.00141877	0.00028604	8.4125e-05	2.18282e-05	
3.098	-0.00118123	-0.000412227	-6.88524e-05	-3.1902e-05	
3.098	0.000953223	0.000190506	5.66931e-05	1.44713e-05	
3.14765	-0.00160687	-0.000321525	-9.3896e-05	-2.49186e-05	
3.14765	0.00136864	0.000273702	8.11638e-05	7.17571e-06	
3.1973	-0.00114138	-0.000228127	-6.64688e-05	-1.78793e-05	
3.1973	0.0017949	0.000359133	0.00010625	2.73024e-05	
3.247	-0.00155592	-0.000133061	-9.08906e-05	-1.05601e-05	
3.247	0.00132943	0.000268016	7.88258e-05	2.02875e-05	
3.2967	-0.00109234	-0.000394464	-0.000116017	-3.06834e-05	
3.2967	0.000864007	0.000172647	5.07711e-05	1.29464e-05	
3.34635	-0.0015175	-0.000303658	-8.93109e-05	-2.36926e-05	
3.34635	0.00127963	0.000255918	7.5252e-05	3.30663e-05	
3.396	-0.00105209	-0.000210269	-6.18922e-05	-1.63281e-05	
3.396	0.00170554	0.000341261	0.000100317	2.61005e-05	
3.4457	-0.00146692	-0.000293376	-8.63235e-05	-9.02351e-06	
3.4457	0.00124015	0.000247876	7.28985e-05	1.9078e-05	
3.49535	-0.00189355	-0.000378866	-0.000111431	-2.91384e-05	
3.49535	0.00165416	0.000152658	4.48937e-05	1.17506e-05	
3.54505	-0.00142817	-0.000287936	-8.46876e-05	-2.21398e-05	
3.54505	0.0011907	0.000414008	6.93878e-05	3.18629e-05	
3.5947	-0.000962817	-0.00019242	-5.72702e-05	-1.479e-05	
3.5947	0.00161617	0.000323385	9.4431e-05	2.48887e-05	
3.6444	-0.00137798	-0.000275589	-8.17198e-05	-7.49783e-06	
3.6444	0.00115085	0.000230011	6.70158e-05	1.78582e-05	
3.69405	-0.00180417	-0.000360998	-0.000106805	-2.76074e-05	
3.69405	0.00156518	0.000134955	9.1417e-05	1.05433e-05	
3.74375	-0.00133887	-0.000269926	-7.93905e-05	-2.06001e-05	
3.74375	0.00110178	0.000396272	6.42025e-05	3.0651e-05	
3.7934	-0.000873554	-0.000174568	-5.19784e-05	-1.32623e-05	
3.7934	0.00152683	0.000305523	8.92197e-05	2.36676e-05	
3.8431	-0.00128902	-0.000257795	-7.64438e-05	-3.33684e-05	
3.8431	0.00106158	0.000212161	6.18091e-05	1.63076e-05	
3.89275	-0.0017148	-0.000343117	-0.000101507	-2.64079e-05	
3.89275	0.00147622	0.000117269	8.62291e-05	9.0051e-06	
3.94245	-0.00124956	-0.000251922	-7.40944e-05	-1.93918e-05	
3.94245	0.00101291	0.000378549	0.000111338	2.9109e-05	
3.9921	-0.000784378	-0.000156718	-4.60912e-05	-1.20673e-05	
3.9921	0.00143755	0.000287659	8.46052e-05	2.21158e-05	
4.0418	-0.00120011	-0.000240028	-7.05733e-05	-3.21691e-05	
4.0418	0.00097232	0.000194317	5.71985e-05	1.47677e-05	
4.09145	-0.00162552	-0.000325257	-9.56131e-05	-2.52001e-05	
4.09145	0.00138735	0.000277462	8.16341e-05	7.47785e-06	
4.1411	-0.00116032	-0.000231906	-6.82064e-05	-1.8173e-05	
4.1411	0.00181348	0.000362855	0.00010672	2.75798e-05	
4.1908	-0.00157452	-0.000136856	-4.02529e-05	-1.08591e-05	
4.1908	0.00134828	0.000271828	7.99489e-05	2.05771e-05	
4.2405	-0.00111121	-0.000398112	-6.47492e-05	-3.09601e-05	
4.2405	0.000883099	0.000176471	5.25433e-05	1.32404e-05	
4.29015	-0.00153622	-0.000307399	-8.97691e-05	-2.39806e-05	
4.29015	0.0012984	0.00025968	7.69988e-05	3.33402e-05	
4.3398	-0.00107107	-0.000214066	-6.23631e-05	-1.66211e-05	
4.3398	0.00172419	0.000344988	0.000102064	2.63839e-05	
4.3895	-0.00148563	-0.000119155	-8.67706e-05	-9.31966e-06	
4.3895	0.00125905	0.000253831	7.46579e-05	1.93701e-05	
4.4392	-0.00102232	-0.000380404	-0.000111881	-2.94189e-05	
4.4392	0.000793862	0.000158628	4.66554e-05	1.20458e-05	
4.48885	-0.00144699	-0.000289544	-8.51582e-05	-2.24283e-05	
4.48885	0.00120953	0.000241907	7.11259e-05	3.21443e-05	
4.5385	-0.000981807	-0.000196205	-5.7755e-05	-1.50801e-05	
4.5385	0.00163494	0.000327146	9.61713e-05	2.51781e-05	
4.5882	-0.0013967	-0.000279336	-8.2182e-05	-7.79013e-06	
4.5882	0.00116977	0.000233807	6.8768e-05	1.81534e-05	
4.63785	-0.00182288	-0.000364726	-0.000107272	-2.78881e-05	
4.63785	0.00158391	0.000138736	4.08041e-05	1.08403e-05	
4.68755	-0.00135773	-0.000273733	-8.05097e-05	-2.08875e-05	
4.68755	0.00112061	0.000399979	6.52972e-05	3.09369e-05	
4.7372	-0.000892578	-0.000178367	-5.31046e-05	-1.3551e-05	
4.7372	0.00154568	0.000309283	9.03213e-05	2.39604e-05	
4.7869	-0.00130782	-0.000261563	-7.75513e-05	-1.99567e-05	
4.7869	0.00108052	0.000215946	6.29168e-05	1.67678e-05	
4.83655	-0.00173362	-0.000346884	-0.000102621	-2.65272e-05	
4.83655	0.00149497	0.000121025	8.73194e-05	9.46568e-06	
4.88625	-0.00126847	-0.000255738	-7.52173e-05	-1.95156e-05	
4.88625	0.00103173	0.000382272	0.000112432	2.95622e-05	
4.9359	-0.000803297	-0.000160502	-4.72114e-05	-1.21912e-05	
4.9359	0.00145643	0.000291445	8.5714e-05	2.25744e-05	
4.9856	-0.0012189	-0.000243776	-7.1681e-05	-3.22869e-05	
4.9856	0.00099126	0.000198105	5.83095e-05	1.52256e-05	
5.03525	-0.00164438	-0.000329024	-9.67279e-05	-2.53224e-05	
5.03525	0.00140611	0.000281216	8.27335e-05	7.93548e-06	
5.0849	-0.00117921	-0.0002357	-6.93214e-05	-1.83005e-05	
5.0849	0.0018323	0.000366606	0.000107827	2.80306e-05	
5.1346	-0.00159332	-0.000140623	-4.13574e-05	-1.0987e-05	
5.1346	0.00136715	0.000275624	8.10668e-05	-2.17028e-05	
5.1843	-0.00113003	-0.00040186	-6.585e-05	-1.87e-05	
5.1843	0.000902018	0.00018025	5.36601e-05	-1.54618e-05	
5.23395	-0.00155512	-0.000311174	-9.08769e-05	-1.18384e-05	
5.23395	0.00131723	0.000263444	7.81053e-05	-2.4144e-05	
5.2836	-0.00108996	-0.000217842	-6.34731e-05	-2.07733e-05	
5.2836	0.00174305	0.000348764	0.000103173	-1.69023e-05	
5.3333	-0.00150441	-0.000122912	-8.7873e-05	-1.2753e-05	
5.3333	0.00127791	0.000257635	7.57741e-05	-2.71915e-05	
5.383	-0.00104115	-0.000384149	-0.000112982	-2.33489e-05	
5.383	0.000812774	0.000162397	4.77677e-05	-1.8885e-05	
5.43265	-0.00146587	-0.00029333	-8.62699e-05	-1.40319e-05	
5.43265	0.00122832	0.000245656	7.22325e-05	-3.14985e-05	
5.4823	-0.00100072	-0.000199997	-5.88669e-05	-2.70488e-05	
5.4823	0.00165378	0.000330914	9.72802e-05	-2.17868e-05	
5.532	-0.00141549	-0.000283091	-8.3289e-05	-4.28977e-05	
5.532	0.00118868	0.000237596	6.98786e-05	-3.83696e-05	
5.58165	-0.0018417	-0.000368484	-0.000108381	-3.31532e-05	
5.58165	0.00160271	0.000142499	4.19103e-05	-2.67983e-05	
5.63135	-0.00137662	-0.00027753	-8.16256e-05	-5.50657e-05	
5.63135	0.00113943	0.000403718	6.63991e-05	-5.00063e-05	
5.681	-0.000911463	-0.000182149	-5.4222e-05	-4.38937e-05	
5.681	0.00156454	0.000313063	9.14266e-05	-3.60115e-05	
5.7307	-0.00132662	-0.000265322	-7.86631e-05	-7.86631e-05	
5.7307	0.00109944	0.00021973	-7.4031e-05	-7.4031e-05	
5.78035	-0.0017525	-0.000350645	-6.70366e-05	-6.70366e-05	
5.78035	0.0015138	0.000124791	-5.76618e-05	-5.76618e-05	
5.83005	-0.00128734	-0.000259545	-0.000143039	-0.000143039	
5.83005	0.00105055	0.000386016	-0.000151453	-0.000151453	
5.8797	-0.000822238	-0.000164294	-0.000164294	-0.000164294	
5.8797	0.0014753	-0.000194894	-0.000194894	-0.000194894	
5.9294	-0.00123775	-0.00123775	-0.00123775	-0.00123775	