0	0.5	-22.2837	
0.0295	0.359935	2.96855	
0.0548	0.373708	-13.0398	
0.0798	0.3175	-4.64094	
0.1048	0.299605	-3.14618	
0.1297	0.288097	-2.37798	
0.1546	0.279692	-1.91047	
0.1794	0.273144	-1.57425	
0.2043	0.267843	-1.33542	
0.2292	0.263427	-1.15534	
0.254	0.25968	-1.0069	
0.2789	0.256445	-0.892788	
0.3037	0.253621	-0.793433	
0.3286	0.251128	-0.714353	
0.3534	0.248914	-0.644403	
0.3783	0.246925	-0.585863	
0.4031	0.245137	-0.536703	
0.4279	0.243511	-0.488003	
0.4528	0.242036	-0.452077	
0.4776	0.240683	-0.414661	
0.5025	0.239444	-0.385097	
0.5273	0.238303	-0.356495	
0.5522	0.237248	-0.331877	
0.577	0.236274	-0.31006	
0.6018	0.235367	-0.28797	
0.6267	0.234525	-0.269928	
0.6515	0.233741	-0.253758	
0.6763	0.233007	-0.236018	
0.7012	0.232323	-0.223511	
0.726	0.23168	-0.208979	
0.7509	0.231078	-0.197191	
0.7757	0.230514	-0.186686	
0.8005	0.229981	-0.174933	
0.8254	0.22948	-0.166043	
0.8502	0.229008	-0.15658	
0.8751	0.228562	-0.147974	
0.8999	0.228143	-0.141046	
0.9247	0.227745	-0.132718	
0.9496	0.227369	-0.125895	
0.9744	0.227014	-0.120399	
0.9992	0.226675	-0.112879	
1.0241	0.226357	-0.108499	
1.0489	0.226053	-0.102279	
1.0738	0.225765	-0.0974577	
1.0986	0.225492	-0.0932788	
1.1234	0.225232	-0.0881326	
1.1483	0.224985	-0.0839203	
1.1731	0.224751	-0.0806553	
1.1979	0.224526	-0.0757567	
1.2228	0.224314	-0.0731353	
1.2476	0.224111	-0.0692009	
1.2725	0.223918	-0.0660554	
1.2973	0.223735	-0.0635844	
1.3221	0.223558	-0.0602628	
1.347	0.223391	-0.0572998	
1.3718	0.223232	-0.055533	
1.3966	0.223078	-0.0521054	
1.4215	0.222934	-0.0504189	
1.4463	0.222794	-0.0479632	
1.4712	0.222661	-0.0455278	
1.496	0.222536	-0.0443448	
1.5208	0.222413	-0.0417822	
1.5457	0.222298	-0.0399157	
1.5705	0.222188	-0.038846	
1.5953	0.222081	-0.036417	
1.6202	0.22198	-0.0352477	
1.645	0.221883	-0.0336729	
1.6699	0.22179	-0.0320041	
1.6947	0.221702	-0.0310464	
1.7195	0.221617	-0.0296042	
1.7444	0.221535	-0.0277923	
1.7692	0.221459	-0.0276805	
1.794	0.221383	-0.0256431	
1.8189	0.221312	-0.0249042	
1.8437	0.221244	-0.0239645	
1.8686	0.221178	-0.0224879	
1.8934	0.221116	-0.0222509	
1.9182	0.221055	-0.020835	
1.9431	0.220998	-0.0198294	
1.9679	0.220943	-0.0195909	
1.9927	0.22089	-0.0184258	
2.0176	0.220839	-0.0175304	
2.0424	0.220791	-0.0172906	
2.0672	0.220744	-0.0160117	
2.0921	0.2207	-0.0158358	
2.1169	0.220656	-0.0149258	
2.1418	0.220615	-0.0141357	
2.1666	0.220577	-0.0140163	
2.1914	0.220538	-0.0133553	
2.2163	0.220502	-0.012314	
2.2411	0.220468	-0.0125598	
2.2659	0.220434	-0.0115395	
2.2908	0.220402	-0.0110997	
2.3156	0.220372	-0.0110567	
2.3405	0.220341	-0.00976062	
2.3653	0.220315	-0.010372	
2.3901	0.220286	-0.00923763	
2.415	0.220261	-0.00903182	
2.4398	0.220236	-0.00891076	
2.4646	0.220212	-0.00851117	
2.4895	0.220189	-0.00769172	
2.5143	0.220168	-0.00818089	
2.5391	0.220145	-0.00705419	
2.564	0.220126	-0.00732751	
2.5888	0.220106	-0.00681215	
2.6137	0.220087	-0.00622944	
2.6385	0.22007	-0.0065964	
2.6633	0.220052	-0.00608373	
2.6882	0.220036	-0.00549783	
2.713	0.220021	-0.00598695	
2.7378	0.220004	-0.00511142	
2.7627	0.21999	-0.00525456	
2.7875	0.219976	-0.00499035	
2.8124	0.219962	-0.00452192	
2.8372	0.21995	-0.0046444	
2.862	0.219937	-0.00450427	
2.8869	0.219925	-0.00378926	
2.9117	0.219915	-0.00440065	
2.9365	0.219903	-0.00389618	
2.9614	0.219892	-0.00342306	
2.9862	0.219883	-0.00403451	
3.011	0.219872	-0.00292253	
3.0359	0.219864	-0.00366805	
3.0607	0.219854	-0.00304456	
3.0856	0.219845	-0.00269011	
3.1104	0.219838	-0.00330162	
3.1352	0.219829	-0.0026795	
3.1601	0.219822	-0.0025681	
3.1849	0.219815	-0.00269048	
3.2097	0.219807	-0.00243615	
3.2346	0.219801	-0.00232374	
3.2594	0.219794	-0.00243629	
3.2843	0.219788	-0.00183464	
3.3091	0.219783	-0.00232393	
3.3339	0.219776	-0.00219284	
3.3588	0.21977	-0.00146782	
3.3836	0.219766	-0.00244643	
3.4084	0.21976	-0.00158383	
3.4333	0.219755	-0.00171258	
3.4581	0.219751	-0.00183495	
3.4829	0.219746	-0.00121841	
3.5078	0.219742	-0.00183501	
3.5326	0.219737	-0.0013403	
3.5575	0.219734	-0.00110105	
3.5823	0.219731	-0.00171277	
3.6071	0.219726	-0.00134037	
3.632	0.219722	-0.000978758	
3.6568	0.21972	-0.00159051	
3.6816	0.219715	-0.000853001	
3.7065	0.219713	-0.00134585	
3.7313	0.219709	-0.000974885	
3.7562	0.219707	-0.00073412	
3.781	0.219705	-0.00122355	
3.8058	0.219701	-0.000974921	
3.8307	0.219699	-0.000611788	
3.8555	0.219697	-0.00110123	
3.8803	0.219694	-0.000853084	
3.9052	0.219692	-0.000611808	
3.93	0.21969	-0.00109684	
3.9549	0.219687	-0.000244728	
3.9797	0.219686	-0.00110128	
4.0045	0.219683	-0.000609374	
4.0294	0.219682	-0.000367101	
4.0542	0.219681	-0.000978944	
4.079	0.219678	-0.000609389	
4.1039	0.219676	-0.00036711	
4.1287	0.219675	-0.000856596	
4.1535	0.219673	-0.000243761	
4.1784	0.219672	-0.000734235	
4.2032	0.21967	-0.000487528	
4.2281	0.219669	-0.000244748	
4.2529	0.219668	-0.000611873	
4.2777	0.219667	-0.00060942	
4.3026	0.219665	0	
4.3274	0.219665	-0.000856636	
4.3522	0.219663	-0.000121886	
4.3771	0.219662	-0.000367133	
4.4019	0.219661	-0.000487548	
4.4268	0.21966	1.79068e-14	
4.4516	0.21966	-0.000611896	
4.4764	0.219658	-0.000243777	
4.5013	0.219658	-0.00012238	
4.5261	0.219657	-0.000489523	
4.5509	0.219656	-0.00048756	
4.5758	0.219655	0.000122382	
4.6006	0.219655	-0.000734293	
4.6254	0.219653	0.000121891	
4.6503	0.219653	-0.000367148	
4.6751	0.219652	-0.000365675	
4.7	0.219651	0.000244767	
4.7248	0.219652	-0.000611918	
4.7496	0.21965	-0.000121893	
4.7745	0.21965	0	
4.7993	0.21965	-0.000489539	
4.8241	0.219649	-0.000121894	
4.849	0.219648	-0.000122385	
4.8738	0.219648	-0.000365683	
4.8987	0.219647	0.000244772	
4.9235	0.219648	-0.000489544	
4.9483	0.219646	-0.000121895	
4.9732	0.219646	0.000244773	
4.998	0.219647	-0.000489546	
5.0228	0.219645	-0.000121896	
5.0477	0.219645	0	
5.0725	0.219645	-0.000367162	
5.0973	0.219644	0.000121896	
5.1222	0.219644	-0.000244775	
5.147	0.219644	-0.000121896	
5.1719	0.219643	0.000244776	
5.1967	0.219644	-0.000367164	
5.2215	0.219643	-0.000121897	
5.2464	0.219643	0.000244776	
5.2712	0.219643	-0.000489554	
5.296	0.219642	0	
5.3209	0.219642	0	
5.3457	0.219642	-0.000365693	
5.3706	0.219641	0.000367167	
5.3954	0.219642	-0.000489557	
5.4202	0.219641	0	
5.4451	0.219641	0.000244779	
5.4699	0.219641	-0.000367168	
5.4947	0.21964	-0.000121898	
5.5196	0.21964	0.000244779	
5.5444	0.219641	-0.00048956	
5.5692	0.219639	0.000365695	
5.5941	0.21964	-0.00036717	
5.6189	0.219639	0	
5.6438	0.219639	0.00024478	
5.6686	0.21964	-0.00024478	
5.6934	0.219639	-0.000121899	
5.7183	0.219639	0.000367171	
5.7431	0.21964	-0.000489561	
5.7679	0.219639	0.000243798	
5.7928	0.219639	-0.00012239	
5.8176	0.219639	-0.000121899	
5.8425	0.219639	0.000244781	
5.8673	0.219639	-0.000244781	
5.8921	0.219639	-0.000121899	